function mpc = QHgrid
%% MATPOWER Case Format : Version 2
mpc.version = '2';

%%-----  Power Flow Data  -----%%
%% system MVA base
mpc.baseMVA = 100;
mpc.ESno = '3';
%% bus data
%	bus_i	type	Pd	Qd	Gs	Bs	area	Vm	Va	baseKV	zone	Vmax	Vmin
mpc.bus = [
1	1	72 	0	0	0	4	1	0	800	10	1.1	0.9	;
2	1	0 	0	0	0	4	1	0	800	14	1.1	0.9	;
4	1	0 	0	0	0	4	1	0	800	18	1.1	0.9	;
6	1	0 	0	0	0	4	1	0	800	21	1.1	0.9	;
7	1	54 	0	0	0	4	1	0	800	24	1.1	0.9	;
8	1	0 	0	0	0	4	1	0	800	25	1.1	0.9	;
9	1	0 	0	0	0	4	1	0	800	28	1.1	0.9	;
11	1	0 	0	0	0	4	1	0	800	31	1.1	0.9	;
12	1	0 	0	0	0	4	1	0	800	32	1.1	0.9	;
13	1	0 	0	0	0	4	1	0	800	33	1.1	0.9	;
15	1	0 	0	0	0	4	1	0	800	35	1.1	0.9	;
16	1	0 	0	0	0	4	1	0	800	36	1.1	0.9	;
17	1	72 	0	0	0	4	1	0	800	39	1.1	0.9	;
18	1	0 	0	0	0	4	1	0	800	40	1.1	0.9	;
19	1	0 	0	0	0	4	1	0	800	43	1.1	0.9	;
21	1	72 	0	0	0	4	1	0	800	48	1.1	0.9	;
91	1	0 	0	0	0	4	1	0	800	2424	1.1	0.9	;
92	1	0 	0	0	0	4	1	0	800	2425	1.1	0.9	;
93	1	0 	0	0	0	4	1	0	800	2426	1.1	0.9	;
94	1	0 	0	0	0	4	1	0	800	2427	1.1	0.9	;
95	1	0 	0	0	0	4	1	0	800	2428	1.1	0.9	;
96	1	0 	0	0	0	4	1	0	800	2429	1.1	0.9	;
97	1	0 	0	0	0	4	1	0	800	2430	1.1	0.9	;
98	1	0 	0	0	0	4	1	0	800	2443	1.1	0.9	;
99	1	0 	0	0	0	4	1	0	800	2445	1.1	0.9	;
106	1	0 	0	0	0	4	1	0	800	5675	1.1	0.9	;
107	1	0 	0	0	0	4	1	0	800	5676	1.1	0.9	;
108	1	72 	0	0	0	4	1	0	800	5677	1.1	0.9	;
119	1	0 	0	0	0	4	1	0	800	5797	1.1	0.9	;
120	1	0 	0	0	0	4	1	0	800	5798	1.1	0.9	;
121	1	0 	0	0	0	4	1	0	800	5799	1.1	0.9	;
122	1	0 	0	0	0	4	1	0	800	5800	1.1	0.9	;
139	2	0 	0	0	0	4	1	0	800	121	1.1	0.9	;
140	2	0 	0	0	0	4	1	0	800	120	1.1	0.9	;
141	2	0 	0	0	0	4	1	0	800	7047	1.1	0.9	;
142	2	0 	0	0	0	4	1	0	800	7048	1.1	0.9	;
144	1	1500 	0	0	0	4	1	0	525	9	1.1	0.9	;
3	1	200 	0	0	0	4	1	0	363	16	1.1	0.9	;
5	1	0 	0	0	0	4	1	0	363	20	1.1	0.9	;
10	1	1000 	0	0	0	4	1	0	363	30	1.1	0.9	;
14	1	299 	0	0	0	4	1	0	363	34	1.1	0.9	;
20	1	0 	0	0	0	4	1	0	363	45	1.1	0.9	;
22	1	88 	0	0	0	4	1	0	363	240	1.1	0.9	;
23	1	300 	0	0	0	4	1	0	363	244	1.1	0.9	;
24	1	408 	0	0	0	4	1	0	363	245	1.1	0.9	;
25	1	0 	0	0	0	4	1	0	363	246	1.1	0.9	;
26	1	0 	0	0	0	4	1	0	363	247	1.1	0.9	;
27	1	36 	0	0	0	4	1	0	363	248	1.1	0.9	;
28	1	258 	0	0	0	4	1	0	363	249	1.1	0.9	;
29	1	787 	0	0	0	4	1	0	363	250	1.1	0.9	;
30	1	313 	0	0	0	4	1	0	363	251	1.1	0.9	;
31	1	612 	0	0	0	4	1	0	363	252	1.1	0.9	;
32	1	311 	0	0	0	4	1	0	363	253	1.1	0.9	;
33	1	172 	0	0	0	4	1	0	363	254	1.1	0.9	;
34	1	273 	0	0	0	4	1	0	363	255	1.1	0.9	;
35	1	455 	0	0	0	4	1	0	363	256	1.1	0.9	;
36	1	430 	0	0	0	4	1	0	363	257	1.1	0.9	;
37	1	350 	0	0	0	4	1	0	363	258	1.1	0.9	;
38	1	248 	0	0	0	4	1	0	363	259	1.1	0.9	;
39	1	575 	0	0	0	4	1	0	363	260	1.1	0.9	;
40	1	160 	0	0	0	4	1	0	363	261	1.1	0.9	;
41	1	691 	0	0	0	4	1	0	363	262	1.1	0.9	;
42	1	525 	0	0	0	4	1	0	363	263	1.1	0.9	;
43	1	705 	0	0	0	4	1	0	363	264	1.1	0.9	;
44	1	80 	0	0	0	4	1	0	363	265	1.1	0.9	;
45	1	551 	0	0	0	4	1	0	363	266	1.1	0.9	;
46	1	214 	0	0	0	4	1	0	363	267	1.1	0.9	;
47	1	414 	0	0	0	4	1	0	363	268	1.1	0.9	;
48	1	242 	0	0	0	4	1	0	363	269	1.1	0.9	;
49	1	287 	0	0	0	4	1	0	363	270	1.1	0.9	;
50	1	0 	0	0	0	4	1	0	363	271	1.1	0.9	;
51	1	322 	0	0	0	4	1	0	363	272	1.1	0.9	;
52	1	60 	0	0	0	4	1	0	363	273	1.1	0.9	;
53	1	236 	0	0	0	4	1	0	363	274	1.1	0.9	;
54	1	0 	0	0	0	4	1	0	363	275	1.1	0.9	;
55	1	323 	0	0	0	4	1	0	363	276	1.1	0.9	;
56	1	328 	0	0	0	4	1	0	363	277	1.1	0.9	;
57	1	416 	0	0	0	4	1	0	363	278	1.1	0.9	;
58	1	0 	0	0	0	4	1	0	363	279	1.1	0.9	;
59	1	300 	0	0	0	4	1	0	363	280	1.1	0.9	;
60	3	100 	0	0	0	4	1	0	363	281	1.1	0.9	;
61	1	400 	0	0	0	4	1	0	363	282	1.1	0.9	;
62	1	290 	0	0	0	4	1	0	363	283	1.1	0.9	;
63	1	1052 	0	0	0	4	1	0	363	284	1.1	0.9	;
64	1	36 	0	0	0	4	1	0	363	285	1.1	0.9	;
65	1	410 	0	0	0	4	1	0	363	286	1.1	0.9	;
66	1	200 	0	0	0	4	1	0	363	287	1.1	0.9	;
67	1	300 	0	0	0	4	1	0	363	347	1.1	0.9	;
68	1	0 	0	0	0	4	1	0	363	348	1.1	0.9	;
69	1	72 	0	0	0	4	1	0	363	521	1.1	0.9	;
70	1	692 	0	0	0	4	1	0	363	522	1.1	0.9	;
71	1	24 	0	0	0	4	1	0	363	523	1.1	0.9	;
72	1	183 	0	0	0	4	1	0	363	524	1.1	0.9	;
73	1	373 	0	0	0	4	1	0	363	525	1.1	0.9	;
74	1	426 	0	0	0	4	1	0	363	526	1.1	0.9	;
75	1	69 	0	0	0	4	1	0	363	527	1.1	0.9	;
76	1	182 	0	0	0	4	1	0	363	528	1.1	0.9	;
77	1	60 	0	0	0	4	1	0	363	529	1.1	0.9	;
78	1	158 	0	0	0	4	1	0	363	530	1.1	0.9	;
79	1	40 	0	0	0	4	1	0	363	531	1.1	0.9	;
80	1	40 	0	0	0	4	1	0	363	532	1.1	0.9	;
81	1	162 	0	0	0	4	1	0	363	533	1.1	0.9	;
82	1	458 	0	0	0	4	1	0	363	534	1.1	0.9	;
83	1	350 	0	0	0	4	1	0	363	535	1.1	0.9	;
84	1	80 	0	0	0	4	1	0	363	536	1.1	0.9	;
85	1	80 	0	0	0	4	1	0	363	537	1.1	0.9	;
86	1	40 	0	0	0	4	1	0	363	538	1.1	0.9	;
87	1	101 	0	0	0	4	1	0	363	539	1.1	0.9	;
88	1	201 	0	0	0	4	1	0	363	540	1.1	0.9	;
89	1	149 	0	0	0	4	1	0	363	541	1.1	0.9	;
90	1	40 	0	0	0	4	1	0	363	542	1.1	0.9	;
100	1	0 	0	0	0	4	1	0	363	2450	1.1	0.9	;
101	1	149 	0	0	0	4	1	0	363	2486	1.1	0.9	;
102	1	20 	0	0	0	4	1	0	363	2549	1.1	0.9	;
103	1	162 	0	0	0	4	1	0	363	2550	1.1	0.9	;
104	1	115 	0	0	0	4	1	0	363	4481	1.1	0.9	;
105	1	0 	0	0	0	4	1	0	363	4482	1.1	0.9	;
109	1	0 	0	0	0	4	1	0	363	5678	1.1	0.9	;
110	1	169 	0	0	0	4	1	0	363	5727	1.1	0.9	;
111	1	169 	0	0	0	4	1	0	363	5728	1.1	0.9	;
112	1	154 	0	0	0	4	1	0	363	5729	1.1	0.9	;
113	1	169 	0	0	0	4	1	0	363	5734	1.1	0.9	;
114	1	500 	0	0	0	4	1	0	363	5735	1.1	0.9	;
115	1	81 	0	0	0	4	1	0	363	5736	1.1	0.9	;
116	1	0 	0	0	0	4	1	0	363	5737	1.1	0.9	;
117	1	345 	0	0	0	4	1	0	363	5738	1.1	0.9	;
118	1	0 	0	0	0	4	1	0	363	5739	1.1	0.9	;
123	1	0 	0	0	0	4	1	0	363	5953	1.1	0.9	;
124	1	218 	0	0	0	4	1	0	363	5954	1.1	0.9	;
125	1	0 	0	0	0	4	1	0	363	5955	1.1	0.9	;
126	1	200 	0	0	0	4	1	0	363	5956	1.1	0.9	;
127	1	0 	0	0	0	4	1	0	363	5957	1.1	0.9	;
128	1	0 	0	0	0	4	1	0	363	5958	1.1	0.9	;
129	1	200 	0	0	0	4	1	0	363	5959	1.1	0.9	;
130	1	200 	0	0	0	4	1	0	363	6071	1.1	0.9	;
131	1	0 	0	0	0	4	1	0	363	6072	1.1	0.9	;
132	1	0 	0	0	0	4	1	0	363	6073	1.1	0.9	;
133	1	45 	0	0	0	4	1	0	363	6173	1.1	0.9	;
134	1	140 	0	0	0	4	1	0	363	6174	1.1	0.9	;
135	1	200 	0	0	0	4	1	0	363	6175	1.1	0.9	;
136	1	200 	0	0	0	4	1	0	363	7665	1.1	0.9	;
137	1	580 	0	0	0	4	1	0	363	7666	1.1	0.9	;
138	1	200 	0	0	0	4	1	0	363	7667	1.1	0.9	;
143	1	1100 	0	0	0	4	1	0	363	3	1.1	0.9	;

];
%% branch data
%	fbus	tbus	r	x	b	rateA	rateB	rateC	ratio	angle	status	angmin	angmax
